Residual:6.237751135472351e-07
T0:0.025240236603529382
Period:9.084998359684654
b:1.078157105331161
R2_R1:0.35468978171805277
a_R1:5.42936030992555
Sb:0.02716381195518705
eCosW:0.2233102767254569
eSinW:-0.2399890425177977
u11:0.502506147238112
u12:0.5028639355979835
u21:0.5
u22:0.47431365137584036
A1:-8.084773220706379e-07
B1:4.383707204847628e-06
A2:-9.163623049801708e-05
B2:-0.0001726872249909131
A3:-2.215578024613979e-05
B3:-3.2743989836298517e-06
A4:0.0001493424649021603
B4:-3.632323566189683e-06
A5:-1.8200066327910187e-05
B5:5.715883535969858e-06
LogSTD:-5.99998155992955
