Residual:0.0005378038487587012
T0:5.4641380064928816e-05
Period:8.438425990084331
b:1.1561671776972908
R2_R1:1.1263839471566146
a_R1:10.366056539725813
Sb:0.6994333072487544
eCosW:-0.006293252989174599
eSinW:0.23729710166339046
u11:0.5419711427778987
u12:-0.06669821231983371
u21:0.5
u22:0.35203760595843236
A1:-0.0007288193788231532
B1:0.002171740854134051
A2:-0.00034873991589280093
B2:0.0028369401156189992
A3:0.0001843096328402328
B3:-0.0022828797338545048
A4:1.644461932236935e-05
B4:-2.880587190313216e-05
A5:-9.415694337032451e-05
B5:5.0107875719298556e-05
LogSTD:-1.150090508193526
