Residual:6.521898279314074e-08
T0:0.0017790628914241464
Period:8.459669552599653
b:0.7001578949672658
R2_R1:0.379181748364245
a_R1:21.413938754573234
Sb:0.0018946712409903905
eCosW:0.01794880706738713
eSinW:-0.8998210042879105
u11:0.5
u12:0.5000000149011612
u21:0.5
u22:0.4963848524388059
A1:-2.4256960646922017e-06
B1:7.631040158601696e-06
A2:-0.999052559394557
B2:0.9985336135932719
A3:0.038769286488824675
B3:5.827397291700037e-07
A4:-0.0003132521793382852
B4:0.0004957930474066117
A5:0.0008109154596622525
B5:0.0003652065412815393
LogSTD:-5.939268678664818
