Residual:1.2582097259549205e-06
T0:-0.010649898800064608
Period:9.299086429610115
b:0.9999999999999997
R2_R1:0.6083223460774959
a_R1:12.701429110177731
Sb:0.004587915874378031
eCosW:-0.21306423522168022
eSinW:-0.542839640288236
u11:0.5000000149011612
u12:0.4999999999999348
u21:0.5
u22:0.3184362955749308
A1:-4.691097597821256e-05
B1:1.165217060487914e-06
A2:0.0034971665165949356
B2:-0.025036370990418735
A3:-0.025262231942092896
B3:5.05765011576066e-07
A4:9.05760415141357e-05
B4:-0.00010580604925485162
A5:6.423104633900249e-06
B5:0.0002324231319563876
LogSTD:-0.0026673579432630323
