Residual:1.343015160641832e-08
T0:-0.0003089017678340374
Period:18.74022717581096
b:0.6791825009063863
R2_R1:0.03570481827863359
a_R1:18.392324833816048
Sb:0.001620604701029964
eCosW:-0.02309541283212607
eSinW:-0.38990829272354666
u11:0.5
u12:0.30000000012381
u21:0.5
u22:0.31044136028050473
A1:-2.0677682482255788e-06
B1:4.1348989422648526e-06
A2:0.9854437813108188
B2:-0.8611337932359935
A3:-0.09912087709624137
B3:2.068120526026299e-06
A4:0.0006159723323065959
B4:-6.952525945086828e-05
A5:-0.0005027831797912486
B5:0.0009278057103435503
LogSTD:-0.09105716334549009
