Residual:2.89777991309955e-05
T0:0.016254206040044572
Period:22.77304629270003
b:1.0000000149011612
R2_R1:0.7106443513185694
a_R1:32.40079272972345
Sb:0.002111764960807265
eCosW:0.1805202929121914
eSinW:-0.8184793495439104
u11:0.5
u12:0.3000000000184079
u21:0.5
u22:0.4727100043453273
A1:-0.00013040128683749003
B1:6.628685083188796e-05
A2:-1.0
B2:-1.0
A3:0.03809102396492207
B3:1.5041482562146982e-05
A4:0.0003150382580033381
B4:0.0002947685201031995
A5:0.00022711241912129135
B5:0.0004993774721110343
LogSTD:-0.4975722210504153
