Residual:6.060263187132544e-07
T0:0.02897610389988521
Period:14.760729154643972
b:1.0000000149011612
R2_R1:0.773486323824961
a_R1:21.765826190611747
Sb:0.0008189377566284555
eCosW:0.128417577144684
eSinW:-0.868563011149627
u11:0.5
u12:0.3000000000238935
u21:0.5
u22:0.46447334739553603
A1:-2.1971878460618243e-05
B1:5.168181552039028e-06
A2:-0.17216351235547983
B2:0.011140237840189809
A3:-0.09977084848012562
B3:1.447958247323906e-06
A4:0.0008368842948380621
B4:-0.0009855700117470465
A5:-0.0009183819748538895
B5:-0.0008918027468212332
LogSTD:-0.015102008559750336
