Residual:9.437264342440662e-06
T0:-7.085783959906801e-05
Period:8.099715353272098
b:0.949383912809479
R2_R1:0.4481899972711796
a_R1:10.893648200935809
Sb:0.0700530766785885
eCosW:-0.017015785960086183
eSinW:-0.30727729798988834
u11:0.5000000149011613
u12:0.44113225206490747
u21:0.5
u22:0.49631778317272124
A1:0.00011512798355190822
B1:6.78374949472219e-05
A2:-7.808744477126866e-05
B2:-1.5778183662340548e-05
A3:5.639257621552383e-05
B3:-3.94873954934414e-05
A4:-7.061770265772183e-05
B4:-2.250768944863128e-06
A5:-3.1565515908602097e-06
B5:-1.0814120379503791e-05
LogSTD:-1.0427351756538896
