Residual:2.0141085895355716e-08
T0:-0.00022843971825209288
Period:100.39997065334188
b:8.379494281556141e-05
R2_R1:0.02413623295388716
a_R1:67.3022614954794
Sb:0.0020679875076671586
eCosW:-0.7890864657035017
eSinW:-0.14673438336098177
u11:0.5
u12:0.300008202398791
u21:0.5
u22:0.3036040432929318
A1:-1.3118647033701615e-05
B1:2.8671202736848564e-07
A2:0.918278368275476
B2:1.0
A3:-0.0863862019849305
B3:7.65449453553797e-08
A4:-0.0001973852168215281
B4:-0.001
A5:-0.0006859906656472702
B5:-0.00027707816578488007
LogSTD:-0.23627914999877328
