Residual:8.768233748779126e-05
T0:-0.00102213108603733
Period:24.2147533382215
b:0.7739869790670032
R2_R1:0.67128221875283
a_R1:91.2218039144044
Sb:-0.008281785548763852
eCosW:-0.07627690833123589
eSinW:-0.8864690732912772
u11:0.49896305576347016
u12:0.5199690221259138
u21:0.5
u22:0.4258509295756199
A1:-4.242703787180502e-05
B1:0.0002569562308503635
A2:-0.002248076009894639
B2:-0.0031729785715793896
A3:0.0032188962330784365
B3:-1.0693169239350047e-05
A4:-1.7753883911884032e-05
B4:-0.0002290751742597354
A5:-0.00019362410625145576
B5:0.0002068743531125145
LogSTD:-0.17074934770438285
