Residual:9.045681930436107e-05
T0:-0.0006721897322422043
Period:24.261400338583503
b:0.6379291537757031
R2_R1:0.440045518586233
a_R1:86.29234280115563
Sb:1.0001709231229135e-10
eCosW:-0.07767931598570715
eSinW:-0.8838521499045242
u11:0.5000000149011612
u12:0.5
u21:0.5
u22:0.41970385493090967
A1:-4.4392339244559485e-05
B1:0.00025325848055124476
A2:-0.7325158654398147
B2:0.9907655720340882
A3:-0.023336544447382472
B3:-1.1829433544510291e-05
A4:0.0009811792251392861
B4:0.0009998758464211223
A5:0.0009997563382551484
B5:-0.001
LogSTD:-2.449819894970941
