Residual:0.0001332319585049185
T0:-0.0009505706621597089
Period:24.261521947919427
b:0.8356436685396862
R2_R1:0.7832316868275409
a_R1:98.27168173603698
Sb:0.0065927272014896275
eCosW:-0.0744225399799814
eSinW:-0.8937586015391492
u11:0.5
u12:0.5
u21:0.5
u22:0.3502844520370584
A1:0.0004132640188151106
B1:0.0002565395700447201
A2:-0.0016648684677368843
B2:-0.004332157768979232
A3:-0.0005498992286043036
B3:-4.020167667607975e-06
A4:-3.469024343579641e-06
B4:-8.637163186431028e-05
A5:-6.129973199970472e-05
B5:0.00021907964610915734
LogSTD:-0.02409539893356525
