Residual:3.145005387109871e-06
T0:0.0033062272926051464
Period:32.531045663440736
b:0.5152215241742807
R2_R1:0.03599026592068702
a_R1:28.28563777346148
Sb:0.14132115580651705
eCosW:0.06322751836957616
eSinW:-0.8188232928196966
u11:0.5
u12:0.30000000005758154
u21:0.5
u22:0.3674960726388513
A1:-4.1147991964767364e-05
B1:1.95748742604642e-05
A2:0.02128065495070012
B2:0.9550206385015649
A3:-0.00031998791445197853
B3:4.706535982773456e-06
A4:0.0005679625461609595
B4:0.0006303263344067413
A5:-0.0003882605379339304
B5:-0.0009458722524184769
LogSTD:-5.108246178696754
