Residual:2.381122229877063e-06
T0:-0.0032408168532124942
Period:6.9355607945031865
b:1.14307987359511
R2_R1:0.2933230045732492
a_R1:5.385652856089752
Sb:0.47924367273485113
eCosW:-0.06691506682927294
eSinW:0.00689395533829378
u11:0.689561695726055
u12:0.4252875107169205
u21:0.5
u22:0.3110243881793877
A1:-3.0130638547424126e-05
B1:2.893796920373225e-05
A2:-8.235426756091416e-05
B2:-0.0008125855220562977
A3:-0.00011173620190005752
B3:-2.115910340791008e-05
A4:-1.2148227044045138e-05
B4:-2.3326915357660166e-05
A5:-1.1847928415364983e-05
B5:-1.526879042529093e-05
LogSTD:-2.0994929710359695
