Residual:1.6479770605721937e-05
T0:0.0003399908091230097
Period:10.67396305885888
b:0.9491922260862956
R2_R1:0.48858410220074605
a_R1:20.967486453559644
Sb:0.03824152584364692
eCosW:0.028793608394801964
eSinW:-0.4102418965691749
u11:0.5000000149011612
u12:0.5
u21:0.5
u22:0.45783504364602484
A1:0.00023920269763107866
B1:0.00011663320041681583
A2:-0.0037373475612078803
B2:-0.24891487794988898
A3:-0.00904106357123505
B3:5.519770916414436e-05
A4:0.0003982643287870143
B4:-0.0009942475271043584
A5:-1.0153978531079366e-05
B5:-0.0008326738753068011
LogSTD:0.0
