Residual:1.9435515947352207e-05
T0:0.0008696146530671
Period:8.048783234328312
b:0.5943930482694717
R2_R1:0.06055213568944334
a_R1:6.414143849802713
Sb:4.000000000000001
eCosW:0.11842955577867105
eSinW:0.7678604070271394
u11:0.500000014901163
u12:0.4699374391072646
u21:0.5
u22:0.3480426305204929
A1:-6.989897749725286e-05
B1:-0.0001838633829834374
A2:-3.37997877603642e-05
B2:-0.010219078365898793
A3:-0.025662626759684455
B3:-2.1870490674541046e-05
A4:-0.0008967648951781746
B4:-0.0009420076016860039
A5:0.0006706958780990513
B5:0.0005800733045585212
LogSTD:-5.630883102265344
