Residual:1.6035633874474158e-06
T0:0.024155835828078565
Period:65.58162809977917
b:0.9109450924233684
R2_R1:0.0057933233148472945
a_R1:5.62418847664725
Sb:4.0
eCosW:0.3282058479690156
eSinW:0.8380220291514533
u11:0.5
u12:0.3001036282201015
u21:0.5
u22:0.4837472664732139
A1:-6.4495199068358045e-06
B1:-1.1458673511382486e-06
A2:-0.004806306704135963
B2:0.28742131277319544
A3:-0.05184517210304557
B3:-6.78224119735679e-07
A4:-0.00010210707676306451
B4:0.0009901892727016063
A5:-0.0009666090548800868
B5:0.0007645986608327663
LogSTD:-5.982476132684294
