Residual:6.487578953408577e-07
T0:-0.003489276389723567
Period:10.268615513053916
b:0.9311678897242469
R2_R1:0.11980395654664305
a_R1:9.093383857456825
Sb:0.10076101958595546
eCosW:-0.23232359994161314
eSinW:0.030896279727659542
u11:0.5000000149011612
u12:0.49999999999984013
u21:0.5
u22:0.31566362033938544
A1:-2.466013274334096e-05
B1:-1.8351923993320804e-06
A2:0.2638143559603583
B2:0.18972715102187246
A3:-0.031825951583621205
B3:-2.999256056170767e-06
A4:0.00012155224124239198
B4:0.00032117869894154123
A5:1.6312664930676995e-05
B5:0.0002548711253841443
LogSTD:-5.989511291530405
