Residual:4.762223758409612e-09
T0:-0.004825688483462634
Period:22.265332418836294
b:0.6951923357557501
R2_R1:0.02687954869013423
a_R1:12.02321793026082
Sb:0.04036686062885215
eCosW:-0.1457652050575392
eSinW:-0.38985070498317864
u11:0.5000000149011612
u12:0.40400937014339355
u21:0.5
u22:0.3164993010930971
A1:-3.7070720591055793e-06
B1:3.628218482170213e-06
A2:0.3450354624848689
B2:-1.0
A3:-0.07341988142538208
B3:1.392502911940859e-06
A4:-0.0008127098524796847
B4:-0.0006125122975582443
A5:0.0007584845683575806
B5:-0.0008841488443774399
LogSTD:-5.51949957277944
