Residual:1.111882352545386e-07
T0:0.0027235722383443734
Period:5.673212326352806
b:0.7282932749500489
R2_R1:0.35203381095012387
a_R1:10.428635601354593
Sb:1.0007255575450162e-10
eCosW:0.03266511476259976
eSinW:-0.7973188512866387
u11:0.5000000149011612
u12:0.4999999999999873
u21:0.5
u22:0.36717946422318626
A1:-1.5691692305505454e-05
B1:8.143651802077145e-06
A2:-0.8842188086813252
B2:0.9800880139740398
A3:0.1
B3:-8.108357225188881e-07
A4:0.001
B4:-0.001
A5:0.001
B5:0.0009910694812205391
LogSTD:-2.8337705508158972
