Residual:0.0003113648958822829
T0:0.00011211803404165414
Period:25.097281828735156
b:0.3830392692411197
R2_R1:0.2803549961517534
a_R1:65.92019822407048
Sb:-0.05086080846438144
eCosW:-0.047094189058605254
eSinW:-0.851684636757665
u11:1.7659713197491385
u12:-0.3714971725338478
u21:0.5
u22:0.43969783072799284
A1:-0.0003116984637569072
B1:0.0006149294336380208
A2:-0.0008538724069447031
B2:0.0009791872235624722
A3:0.00032925425972384135
B3:-3.668043695379447e-05
A4:-2.3763937722969935e-05
B4:-9.976489050714086e-05
A5:-1.0651930535017879e-05
B5:9.222993532734665e-05
LogSTD:0.0
