Residual:3.386322878208553e-08
T0:1.2966244829779233e-06
Period:53.50306761225634
b:1.0206339127060996e-06
R2_R1:0.04201136879627806
a_R1:85.63041513978135
Sb:0.1955863298949846
eCosW:0.013504701248907371
eSinW:0.30519276050178157
u11:0.5000000149011612
u12:0.5
u21:0.5
u22:0.4989588372171183
A1:1.4997154254353045e-07
B1:7.449531385870134e-06
A2:0.0002209568226795031
B2:1.0
A3:-0.024719440966025068
B3:3.0385595268031274e-06
A4:0.0009905693063386712
B4:0.0006232761203227102
A5:0.001
B5:0.0003023421957002413
LogSTD:-4.104731841585977
