Residual:1.4281304622769979e-06
T0:-0.0043027983466629996
Period:6.6285173026597874
b:1.0431032967747722
R2_R1:0.3559008386614319
a_R1:6.285202093724447
Sb:0.08307739843821388
eCosW:-0.10044011022436648
eSinW:-0.1512515602215782
u11:0.5153662834582294
u12:0.5136517358013065
u21:0.5
u22:0.30196465154623103
A1:9.674569538439726e-06
B1:1.2937083011673571e-05
A2:0.4528671849832453
B2:0.05447914691302433
A3:-0.001482108830439915
B3:-1.1594382131415e-05
A4:3.7075674678842694e-05
B4:-0.0009998384137284515
A5:0.0005911485238067511
B5:-0.0003409923038285718
LogSTD:-5.977289383040688
