Residual:3.078524459593631e-06
T0:-0.0021231934708777654
Period:6.628180396386565
b:0.9978073213174667
R2_R1:0.3084725917153526
a_R1:6.2334969961221915
Sb:0.09431886372711307
eCosW:-0.10088003842529636
eSinW:-0.152555568299305
u11:0.5
u12:0.49989982024093815
u21:0.5
u22:0.4996823281772058
A1:5.932634894290597e-06
B1:1.724173231887185e-05
A2:0.003293652311633956
B2:0.007849035380523648
A3:-0.0005578729618140922
B3:-1.267605496378271e-05
A4:-0.0002759181714050319
B4:-0.0001047411064492865
A5:5.279650983290837e-05
B5:0.00022594216672248675
LogSTD:-0.17434008210443686
