Residual:4.206437930525359e-07
T0:0.0001814284110792141
Period:28.598328306047325
b:0.8524294846198757
R2_R1:0.08546780429471665
a_R1:20.07882609274625
Sb:1.0004507743203106e-10
eCosW:0.02326599594460377
eSinW:0.03776386300660743
u11:0.5
u12:0.30000000000246435
u21:0.5
u22:0.49222173797635216
A1:4.936123222016773e-07
B1:7.129374568093852e-05
A2:0.0012964605337351417
B2:0.475907378007767
A3:-0.09993313939950813
B3:2.085565534771488e-07
A4:0.0001328786805421335
B4:6.312276595515752e-05
A5:0.00045768846285230513
B5:-0.0009936999371293327
LogSTD:-0.22417820240485148
