Residual:2.5642929498980793e-08
T0:0.0012863714720225375
Period:18.83965388400864
b:1.0000000148967463
R2_R1:0.19950298779657377
a_R1:11.199352192542026
Sb:0.006425571311718445
eCosW:0.034554369805068645
eSinW:-0.1377148605783077
u11:0.5
u12:0.30000000001218463
u21:0.5
u22:0.48776293908201174
A1:-1.0526493497833435e-06
B1:6.643482453040604e-06
A2:0.9387816223190718
B2:0.9902635241899964
A3:0.0005646044162131794
B3:3.2232664112314144e-06
A4:0.0009555459399776364
B4:0.0009980467355496271
A5:0.0009985242604525512
B5:0.0009998964018482041
LogSTD:-0.04181777657721514
