Residual:8.671572973815734e-07
T0:-0.0013219270372112962
Period:117.6806795419308
b:0.7435054915039805
R2_R1:0.08708038419587255
a_R1:44.6490883969293
Sb:0.049532094247780864
eCosW:-0.3473570222984462
eSinW:0.40803808106999295
u11:0.5
u12:0.30000000000142735
u21:0.5
u22:0.30501119888667216
A1:-3.5141824817718325e-05
B1:4.961908410362771e-05
A2:0.00031300293028917853
B2:0.002546400042341933
A3:-2.2614621012203173e-05
B3:2.7588239087855117e-06
A4:3.9674664964658166e-05
B4:-2.2227632155683932e-05
A5:2.673179196141154e-05
B5:-2.811282709689039e-05
LogSTD:-5.999965425020416
