Residual:5.8936927137099075e-09
T0:-0.00622720667753
Period:34.821727377756545
b:0.8077307514656011
R2_R1:0.018460928013511037
a_R1:10.815232260464335
Sb:0.004210868342430766
eCosW:-0.1681142515578936
eSinW:-0.21639452211325386
u11:0.5
u12:0.35361228981632487
u21:0.5
u22:0.3090563804738198
A1:-8.48360663472163e-07
B1:3.116147600717245e-06
A2:0.010160708328836908
B2:0.009959566320381818
A3:0.1
B3:1.9062563899339162e-06
A4:-0.0009962476001268263
B4:0.00011943332064175716
A5:-0.0009087476241111147
B5:0.0004683668274736311
LogSTD:-3.449437090457158
