Residual:0.00028069330838236586
T0:-0.00045334757799503887
Period:9.088969708735169
b:0.5460544241296925
R2_R1:0.11876168389941096
a_R1:42.29532273627166
Sb:0.24415196117052737
eCosW:0.19023753464887597
eSinW:-0.8359504790539349
u11:0.5114079677993063
u12:0.42138929727237
u21:0.5
u22:0.32886806935576063
A1:-0.0005111771231184466
B1:0.00019933328265987573
A2:-0.0008353897360100296
B2:-0.003630928832325881
A3:-0.0002823122801778481
B3:3.679071645827633e-05
A4:-9.142650732120026e-06
B4:-2.134979966916359e-05
A5:-7.077380676015298e-06
B5:-5.0546841042217844e-05
LogSTD:-0.41426857239965864
