Residual:2.949773885461495e-06
T0:-0.002890859508491599
Period:10.644213597464878
b:1.0194571717655558
R2_R1:0.143830877815358
a_R1:8.600250385142475
Sb:0.511151543717372
eCosW:-0.1548909349338965
eSinW:0.057653026499963726
u11:0.502992806431747
u12:0.4939531269682246
u21:0.5
u22:0.49200845468749976
A1:-9.797816110130641e-05
B1:-2.68318790728288e-05
A2:-0.0006034300474816261
B2:-0.0003009857261583018
A3:-0.0001485403827792997
B3:1.4947768272894758e-05
A4:-7.1108989935145505e-06
B4:6.497771146165022e-07
A5:-1.86695655667021e-05
B5:-3.113527841279478e-05
LogSTD:-5.049506669750613
