Residual:9.072396569415553e-05
T0:0.00040676082763879483
Period:5.55353263099665
b:0.5708088830020343
R2_R1:0.028368773237630346
a_R1:3.8254998502679665
Sb:74.6490867322337
eCosW:0.01945112659378691
eSinW:0.7729169867226241
u11:-18.44502813059269
u12:-22.998011885691387
u21:0.5
u22:0.3440029356117207
A1:-4.363845447190122e-05
B1:-0.0007510271997317871
A2:0.008014603065072005
B2:-0.0001680161374191545
A3:-0.005902412346813941
B3:-2.4700922361142014e-05
A4:-8.861608517103841e-07
B4:-0.0002687600942909475
A5:0.0007738404158358931
B5:8.924771737225175e-05
LogSTD:-0.030495043082186715
