Residual:0.01307355640514496
T0:-0.0003599893635799888
Period:2.8604679438632723
b:0.36462897205459915
R2_R1:0.6182087700742923
a_R1:16.50374798892399
Sb:0.024877486761571338
eCosW:-0.0009889574549060791
eSinW:-0.7869991620227739
u11:3.66324335156511
u12:-4.413035950958445
u21:0.5
u22:0.3065087519743743
A1:0.0029503983567267713
B1:0.013146956359289464
A2:-0.013990693973218173
B2:0.04703622280724839
A3:-0.001747203604620045
B3:0.0007727148508671146
A4:-0.0009462780301825048
B4:0.0005521607976858394
A5:0.0009469188416896307
B5:-2.350768657445799e-05
LogSTD:0.0
