Residual:4.461788898477026e-09
T0:3.112475420789199e-05
Period:22.272433695062603
b:1.0000000149011612
R2_R1:0.08671447464868137
a_R1:15.707942679070214
Sb:0.030049534184537048
eCosW:-0.025819718657132812
eSinW:-0.004229757806325613
u11:0.5
u12:0.49999999999985967
u21:0.5
u22:0.3094086376400509
A1:-5.96598733602496e-07
B1:8.35197094516974e-06
A2:-0.9078244376921009
B2:-0.14225202706109824
A3:0.09995198017065685
B3:6.166268828127493e-07
A4:0.0009685072807942374
B4:0.0008294025526891721
A5:-0.0007337383851517302
B5:0.0009992365294280874
LogSTD:-1.6213747419934972
