Residual:1.7883243340198233e-07
T0:-1.5018498122119254e-05
Period:73.89672392918806
b:0.00014108157610719582
R2_R1:0.039875348062037526
a_R1:66.43025361689038
Sb:0.0008800628727120485
eCosW:-0.1011156771307417
eSinW:0.24995186046314602
u11:0.5
u12:0.49999999998021616
u21:0.5
u22:0.33325266508086326
A1:-2.1303033845716724e-06
B1:1.3405490156967048e-05
A2:-0.3392733457019579
B2:0.7133603123964564
A3:0.02256428214546395
B3:6.6472786364062555e-06
A4:-0.0007468725827127686
B4:0.0009311608091104673
A5:-0.0009165598450634995
B5:0.0003887830366269935
LogSTD:-0.8544615713869274
