Residual:0.00032652211239771146
T0:-0.0008266492413295769
Period:2.4839144693545223
b:1.038787167627281
R2_R1:0.5308466215878686
a_R1:3.3598440084408194
Sb:0.668091723363761
eCosW:-0.03373580129220834
eSinW:-0.013224691445032974
u11:2.305006414075802
u12:-2.270768523875652
u21:0.5
u22:0.499544291495005
A1:0.00024746506608129147
B1:-0.00014987976459701028
A2:-0.06625486864728225
B2:0.16002873565449882
A3:-0.0034385179533275804
B3:-0.007963534499057836
A4:6.580480438086215e-05
B4:2.5462490447974613e-05
A5:0.000845094530516365
B5:-2.0333532694484548e-05
LogSTD:-0.940232509846866
