Residual:0.005318099859749631
T0:-0.0007481221678084201
Period:2.4713967364289213
b:0.8344297873187586
R2_R1:0.4467620890472217
a_R1:3.2625783289520083
Sb:0.4566871298627392
eCosW:-0.029878434596690387
eSinW:-0.1343609960956852
u11:0.5
u12:0.30750263575714165
u21:0.5
u22:0.30451385178800483
A1:0.001784691229522245
B1:0.0025973884344783395
A2:0.0058784597607325845
B2:0.175692894860084
A3:-0.0006758487852797244
B3:-0.004888929453397271
A4:0.0009650004123349816
B4:-2.4594270515974323e-06
A5:0.000448354651557796
B5:-4.275501466239445e-06
LogSTD:-1.9614617847419513
