Residual:0.00032652211128285103
T0:-0.0008267027457903369
Period:2.4839175011590275
b:1.0387958142934626
R2_R1:0.5308541459383526
a_R1:3.359858686881323
Sb:0.6680923246619938
eCosW:-0.03373665264876589
eSinW:-0.013223469717802605
u11:2.3050810135006468
u12:-2.2708593911567085
u21:0.5
u22:0.3828440084637159
A1:0.0002474781703380938
B1:-0.0001499060648261664
A2:0.007768611837391507
B2:0.23639324994937405
A3:-0.0005954054365157183
B3:-0.007963529094828076
A4:0.000191867878296243
B4:9.125464938977023e-05
A5:-0.0008263404686089325
B5:-2.1981609606956242e-05
LogSTD:-1.1039739830224486
