Residual:3.774069271048699e-08
T0:0.002351350405344518
Period:20.000697078581958
b:0.002569718771643888
R2_R1:0.014531151651335856
a_R1:10.212279118756609
Sb:0.023096583818822142
eCosW:0.05288256414674207
eSinW:0.8984450062620424
u11:0.5
u12:0.49999468709908146
u21:0.5
u22:0.4870856981278249
A1:-5.397799229757766e-06
B1:-2.0132961884010235e-06
A2:0.00024517907281303587
B2:0.0012192245429666708
A3:-0.0006113203656093599
B3:-8.275005768717764e-08
A4:-2.2636112510154606e-05
B4:-1.5799266294644605e-05
A5:-1.1782933020336738e-05
B5:-6.804252746338442e-05
LogSTD:-1.7229617137406485
