Residual:3.580415797753087e-09
T0:0.00229799497023344
Period:37.60805513040077
b:0.9297732606923502
R2_R1:0.03580551725174003
a_R1:21.136306165949435
Sb:0.02067853459617792
eCosW:-0.09197216347127754
eSinW:0.0022111485943923457
u11:0.5
u12:0.30000000004315897
u21:0.5
u22:0.4361227000568121
A1:-2.290607612771048e-06
B1:7.428393568549087e-06
A2:-0.020977326095022807
B2:0.6489233673337926
A3:-0.020198696914343856
B3:2.4696585581964753e-06
A4:0.0001721880812522245
B4:0.00022766306035117834
A5:0.0009794524922366694
B5:0.000681661886956066
LogSTD:-2.4799875910555533
