Residual:1.1907090720345197e-06
T0:0.002472528259604426
Period:12.849350409665774
b:0.0028360376516525583
R2_R1:1.9233840155052362e-07
a_R1:61.1999590614802
Sb:0.8632158600223012
eCosW:-0.016369398614692738
eSinW:0.8540538380860376
u11:0.5
u12:0.5
u21:0.5
u22:0.32012671336277676
A1:9.330655109599127e-07
B1:-7.272681745032368e-06
A2:0.0007341389361064573
B2:-0.0028002390198976577
A3:-3.5351739543182736e-05
B3:-4.908276579389152e-07
A4:-1.2341377591722403e-05
B4:-4.1070799430530676e-05
A5:-9.686752548517272e-06
B5:-1.8158440839167394e-05
LogSTD:-0.32864033891024313
