Residual:1.8679402332844238e-05
T0:0.0012185141989220051
Period:8.786049789216573
b:0.6307838430062527
R2_R1:0.4404184094980331
a_R1:39.86734780189859
Sb:0.00319265229778359
eCosW:0.09275922334301567
eSinW:-0.8616724795986569
u11:0.5000000149011612
u12:0.5
u21:0.5
u22:0.48863148636268094
A1:-0.00014334018237681785
B1:0.00020143522884687783
A2:-0.021511650731062225
B2:-0.08601399036513382
A3:0.062359249367883104
B3:1.0907855235679553e-05
A4:-0.0009938054591929835
B4:-0.00019317558320251226
A5:-0.000206203520449617
B5:0.00012333618590830761
LogSTD:-3.3365880079091386
