Residual:3.627312585866394e-08
T0:0.0009718248957744523
Period:21.540793613825297
b:1.0000000149010844
R2_R1:0.09878968706342234
a_R1:16.030521447101698
Sb:0.10757813373020711
eCosW:0.16178218998039345
eSinW:0.009304093941849726
u11:0.5
u12:0.5
u21:0.5
u22:0.4996201560378324
A1:1.0743516323561751e-05
B1:2.2382376506364745e-05
A2:-0.0007537708067347894
B2:-0.003884480665946796
A3:-0.00012629904673230218
B3:3.8106874108064343e-06
A4:7.815365429863316e-06
B4:3.722926001213112e-05
A5:0.0005127110095489469
B5:-4.452310041550655e-06
LogSTD:-1.8537670674777278
