Residual:1.076501204357154e-06
T0:0.0034271993289355426
Period:74.98213791076967
b:0.999968568837101
R2_R1:0.07694943691237249
a_R1:99.92571481886989
Sb:0.09926620170801093
eCosW:0.40017693269261256
eSinW:-0.8061379669917401
u11:0.5
u12:0.49999303630197756
u21:0.5
u22:0.30310326806851084
A1:-1.0997051333361185e-06
B1:4.6803586837815415e-06
A2:-0.08407553143746044
B2:-0.11389147516278997
A3:0.052641358989284626
B3:8.071297349232057e-07
A4:-0.0006647224593812552
B4:-0.0008945716523921644
A5:0.0009966489514239944
B5:-0.0007230070519003979
LogSTD:0.0
