Residual:0.0003332619622409495
T0:0.020689465999721355
Period:10.512408305272412
b:1.1736012969443488
R2_R1:0.8473937615815095
a_R1:7.305227448475819
Sb:0.2078420391661406
eCosW:0.297504185059989
eSinW:-0.19567090526583475
u11:3.627796663863022
u12:-3.0827980798641983
u21:0.5
u22:0.49638244732505993
A1:4.509783869387962e-05
B1:0.0001412954007756192
A2:-0.00011840573531058449
B2:-0.00019767777881864033
A3:0.0009776228123035858
B3:-0.0001227049728220322
A4:-9.195864028487247e-05
B4:-0.00030396080909244824
A5:-6.225330048231803e-07
B5:2.3225000305434492e-06
LogSTD:-2.506404033619611
