Residual:3.837108911568419e-09
T0:-0.007963330874037916
Period:6.197168126457024
b:0.961510173216269
R2_R1:0.023129375734477237
a_R1:2.5938103435603024
Sb:0.03881037513658839
eCosW:-0.052964552744336944
eSinW:0.010911182290714774
u11:0.5
u12:0.30000000000471727
u21:0.5
u22:0.4387123013547156
A1:-2.4716210916322463e-06
B1:-8.836929626027603e-07
A2:-0.8583663174821125
B2:-0.24076893685603507
A3:0.09196814949031426
B3:-3.066771746494541e-06
A4:0.0007180604682770905
B4:0.0002545214163878094
A5:0.0009914145231126558
B5:0.0005951401044398754
LogSTD:0.0
