Residual:2.8599186811996785e-06
T0:0.002135626298546932
Period:7.947702424268296
b:0.8235685800863612
R2_R1:0.40354675278662483
a_R1:42.14631047740198
Sb:0.0021752623368096833
eCosW:0.23186219188430224
eSinW:-0.8176118407655171
u11:0.5000000149011612
u12:0.4999999999999357
u21:0.5
u22:0.4855932277010043
A1:-6.0400259656164325e-05
B1:1.885882351253905e-05
A2:0.568296270448968
B2:-0.5782540173816979
A3:-0.1
B3:3.916960995083099e-06
A4:-0.001
B4:4.8893366496353015e-05
A5:-0.00014070799065171879
B5:-0.0002340070707866027
LogSTD:-0.6723808296756713
