Residual:2.0520717300419645e-07
T0:-0.0031007914618759653
Period:16.833514172635706
b:0.658791234148838
R2_R1:0.06215567686387053
a_R1:15.848140834655547
Sb:0.002924483253290563
eCosW:-0.28434850561783
eSinW:-0.342220607291331
u11:0.5
u12:0.30000000000011284
u21:0.5
u22:0.4189267913966294
A1:-2.549529053539607e-05
B1:1.9877937699797e-05
A2:0.03991737563556326
B2:0.6533639748237139
A3:0.035366199317065035
B3:9.859014175177208e-06
A4:-4.48482635345991e-05
B4:0.0009159197466945539
A5:6.284765820712695e-05
B5:-0.0004866786720136401
LogSTD:0.0
