Residual:2.1115200506990927e-08
T0:-0.02034460876397075
Period:7.3478312541666
b:0.9715254556461643
R2_R1:0.590000381266907
a_R1:6.223059205525965
Sb:0.002037878153173792
eCosW:-0.08327194459419081
eSinW:-0.6141519850721162
u11:0.5000000149011612
u12:0.4999999999999325
u21:0.5
u22:0.4818096574146162
A1:-5.607977941604378e-06
B1:7.731224239068335e-07
A2:0.9997719948926772
B2:-0.30104756698065704
A3:0.09871546152715999
B3:1.2622236059812762e-06
A4:0.00062695249462512
B4:-3.178588554379347e-05
A5:-0.001
B5:0.00098665934997276
LogSTD:-0.4399013198949307
