Residual:4.614869978622664e-09
T0:-0.02011054056546245
Period:18.17177272283739
b:1.0000000149011612
R2_R1:0.02951138177054141
a_R1:4.867400294295165
Sb:0.05096501526979634
eCosW:-0.17671803806771513
eSinW:0.010748737569803376
u11:0.5
u12:0.5
u21:0.5
u22:0.4999978541985645
A1:-3.0224603469843753e-06
B1:3.6184678929504236e-06
A2:0.00025983061384456514
B2:0.014398331281103387
A3:-0.0001612523550845717
B3:5.212529129264642e-07
A4:-2.8043482372270093e-05
B4:6.479757272820594e-05
A5:-3.205118673583911e-05
B5:2.857412268714937e-05
LogSTD:-5.427570551501116
