Residual:2.8061275034135938e-09
T0:-0.0001861479733943436
Period:16.622370541363864
b:0.9138065739718391
R2_R1:0.030694862429031505
a_R1:13.906363258995171
Sb:1.000806510463808e-10
eCosW:-0.019294229751975596
eSinW:-0.038761558337451554
u11:0.5
u12:0.300000000131691
u21:0.5
u22:0.49995972604609895
A1:-4.108018279713057e-06
B1:2.934451459979818e-06
A2:0.07931177214179647
B2:0.692163882036916
A3:0.09634233443324869
B3:-7.091793896813082e-07
A4:0.0008471302655998669
B4:0.001
A5:0.0009994640111940815
B5:-0.00024150596538298266
LogSTD:-2.657000219888201
