Residual:6.540588179346092e-08
T0:-0.004346469805427508
Period:25.149019769695542
b:1.0
R2_R1:0.01869587117119936
a_R1:12.042375636433725
Sb:0.0058158281249547335
eCosW:-0.840199901599786
eSinW:0.3225897167452057
u11:0.5000000149011612
u12:0.5
u21:0.5
u22:0.4622986988645875
A1:-5.255052849808391e-06
B1:-2.0867187957965717e-07
A2:0.024744460218836015
B2:-0.5963754962844188
A3:-0.04404283156872636
B3:1.5143132457758367e-08
A4:-0.000996751177244677
B4:-0.0009971331783374471
A5:-0.0009478771743331597
B5:-0.0009998911932508543
LogSTD:-0.012266309716780215
