Residual:7.538418113259511e-07
T0:0.0013483084626373116
Period:5.408548522184757
b:1.0000000149011612
R2_R1:0.17982056437289096
a_R1:4.667742335826033
Sb:0.69138975812674
eCosW:0.06381279878829983
eSinW:0.0380465480496707
u11:0.5
u12:0.5
u21:0.5
u22:0.4328923580467097
A1:2.19346868338778e-05
B1:7.225419302665569e-06
A2:-0.00034115035573312376
B2:-0.0010774470682937548
A3:-7.908485257497717e-05
B3:-0.0002549509343045829
A4:-1.769825253475432e-06
B4:-7.100429464353899e-06
A5:-2.0589795793373705e-06
B5:-9.9062466149509e-06
LogSTD:-4.67765458143365
