Residual:6.79933031563289e-07
T0:-0.007616918133055266
Period:76.01930987545198
b:1.0000000149092967
R2_R1:0.07034636302977906
a_R1:24.177985442748177
Sb:0.006210823823955989
eCosW:-0.23619822933730086
eSinW:0.0371762227265027
u11:0.500000000000916
u12:0.5000000000007699
u21:0.5
u22:0.4992492497760473
A1:-1.2171217195524857e-05
B1:2.302484738170534e-05
A2:4.17291726346969e-06
B2:-0.0021874449181433627
A3:-0.0003689820141453134
B3:1.8836476529738467e-05
A4:-8.927005228570709e-06
B4:0.00028709854316822265
A5:-1.9280521967944597e-05
B5:5.574316541548098e-06
LogSTD:-1.6349370220131678
