Residual:2.3500528330217756e-06
T0:0.0014361870128007325
Period:25.835631407193222
b:1.009665442453236
R2_R1:0.09761775162458848
a_R1:21.82025159304619
Sb:0.7419788649278845
eCosW:0.3633363521310747
eSinW:0.029658777020230478
u11:0.5012184216640182
u12:0.5008939021088594
u21:0.5
u22:0.35267258283835523
A1:8.307284680871578e-05
B1:7.611800596294031e-06
A2:-0.011133898453765015
B2:-0.04084211382580551
A3:-0.005840452515469798
B3:1.1752803516363035e-05
A4:0.000968725531463536
B4:0.00029835926867652915
A5:0.0006789476185348623
B5:0.00015396684635125222
LogSTD:-0.6045659971301245
