Residual:1.265213636937192e-08
T0:0.00039244814026662177
Period:11.7022141781826
b:1.000000014899918
R2_R1:0.07263004410953347
a_R1:13.550040762466267
Sb:0.032787261604473164
eCosW:0.054597078336925786
eSinW:0.01856739434107657
u11:0.5
u12:0.4999999999993646
u21:0.5
u22:0.4964081967760483
A1:-2.445781760838712e-05
B1:-1.7811325212861873e-06
A2:-1.0
B2:0.94734643603498
A3:-0.09838184226318233
B3:-1.797298350078898e-06
A4:0.001
B4:0.0006972693717499457
A5:-0.0007815462520350054
B5:-0.0009204818338675572
LogSTD:-5.988352620431261
