Residual:1.260060079121129e-07
T0:-0.008080399634431822
Period:8.144596237863107
b:0.9071585235667134
R2_R1:0.06266303718111826
a_R1:4.360685024352083
Sb:0.09590623037638157
eCosW:-0.1523974972667695
eSinW:0.02363818737559798
u11:0.5
u12:0.30000000000029237
u21:0.5
u22:0.4081611536599459
A1:-1.5969344917654695e-05
B1:-6.845771247414687e-06
A2:-0.00012526440081519097
B2:-0.0013780693957159973
A3:-0.00021945074037571445
B3:-2.586182080880023e-05
A4:3.5804708680318557e-06
B4:-9.57860840904428e-05
A5:3.951899840996068e-06
B5:-9.490932919835917e-07
LogSTD:-0.33356663204286585
