Residual:5.336413198480434e-08
T0:0.00033199194207515466
Period:6.090653512294555
b:0.5181061841679107
R2_R1:0.04298715317388274
a_R1:18.6942990226052
Sb:0.09721793840087917
eCosW:0.010070672017271763
eSinW:-0.897555787830336
u11:0.5000000149011612
u12:0.49999999999997485
u21:0.5
u22:0.49312985650963337
A1:-6.2550243203810365e-06
B1:4.872798767101706e-06
A2:-0.7449026303961794
B2:0.9874048882236668
A3:-0.0201441431771408
B3:4.10788401172707e-07
A4:0.00076143704640306
B4:0.00011792671566489849
A5:0.0002123405389126962
B5:-0.0008583252200709207
LogSTD:-2.214076434764178
