Residual:1.1390547213420435e-07
T0:-0.0009277858538847488
Period:15.8752380150314
b:0.9899212075590949
R2_R1:0.1118481755342311
a_R1:7.816262550279367
Sb:0.2849004180412094
eCosW:-0.02915635309861741
eSinW:0.010818524501425057
u11:0.5000000149011612
u12:0.49999999999999667
u21:0.5
u22:0.44584828213352534
A1:-6.5441885766058564e-06
B1:1.0620060615597597e-05
A2:0.15080865886069872
B2:0.9927292973397678
A3:0.05019722287190985
B3:2.051248361357905e-06
A4:-0.0009319000218308235
B4:0.00024367082235832906
A5:-0.0006347846835120664
B5:0.00021027126730872723
LogSTD:-1.5261006139779663
