Residual:3.8855429611216277e-07
T0:-0.007027813829786265
Period:29.91194527398143
b:0.6708416214882167
R2_R1:0.19258725281274855
a_R1:52.03764042361478
Sb:2.581335347664974e-05
eCosW:-0.15285661627643476
eSinW:-0.8869243773184317
u11:0.5
u12:0.4008441103681263
u21:0.5
u22:0.30195753906858536
A1:3.4311508016013375e-06
B1:1.1116160716152131e-05
A2:0.0005275498263557499
B2:-0.013690055474756109
A3:0.000507179704041201
B3:-6.948839863691878e-07
A4:-0.0006922508173039638
B4:-0.0003290291083235858
A5:0.0009200087089863192
B5:-0.00023764014714026537
LogSTD:-0.2855907020542372
