Residual:1.218143684355794e-07
T0:5.7028635951681876e-05
Period:16.485979516748735
b:0.43691077315689797
R2_R1:0.043803684579961026
a_R1:13.830148066129787
Sb:0.09721003041200148
eCosW:-0.15720232037602933
eSinW:0.34151559110201746
u11:0.5000000149011612
u12:0.49999999999998146
u21:0.5
u22:0.30726722559447606
A1:-1.722831442238685e-05
B1:2.2730096004514327e-06
A2:-0.0018761586271613814
B2:0.02765893093561215
A3:0.0005257563944727511
B3:-1.034585812251409e-05
A4:-5.938700126274601e-05
B4:-0.0002754475760905127
A5:3.3589236215045204e-05
B5:-0.00012500346896625626
LogSTD:-0.06329504134193666
