Residual:1.326291633544354e-07
T0:-0.0002597933228854328
Period:14.312078365733054
b:0.5002508231887246
R2_R1:0.041059517324388
a_R1:16.308594371644073
Sb:0.007458140540246121
eCosW:-0.01944610738703803
eSinW:-0.5854555462004098
u11:0.5
u12:0.30000000000134497
u21:0.5
u22:0.5
A1:-2.295286586129328e-05
B1:7.386444164160155e-06
A2:-0.4137104350214246
B2:-0.9995493825285797
A3:0.09998231740515073
B3:3.5483484978378935e-06
A4:0.0008514010841326784
B4:0.0009155260703278961
A5:-0.00043669471999458636
B5:-4.5705552746065265e-06
LogSTD:-0.35971232270199904
