Residual:6.3898255067167e-07
T0:3.688168670650805e-05
Period:18.52859513638284
b:0.610448260510519
R2_R1:0.07980515690061954
a_R1:20.14361193542336
Sb:0.049450786287938676
eCosW:0.12224899739764306
eSinW:0.2131066423226199
u11:0.5000000149515876
u12:0.5000000000284335
u21:0.5
u22:0.3050985554445627
A1:-1.9768220624381253e-05
B1:4.193823100255664e-05
A2:-3.10863422221983e-05
B2:-0.012156938446186576
A3:0.0004848190460552072
B3:-1.2018730580679825e-05
A4:4.03690270979165e-07
B4:-0.00021045266773375262
A5:1.2609995870926645e-05
B5:-0.0006337957028609392
LogSTD:-5.596820203066893
