Residual:7.358632661877644e-08
T0:0.00018789421245238189
Period:63.523499382269854
b:0.5258603559142461
R2_R1:0.01981531591423526
a_R1:23.624183952823415
Sb:1.0001123416781553e-10
eCosW:-0.034798711845628966
eSinW:0.24923302348792112
u11:0.5
u12:0.43206303852344397
u21:0.5
u22:0.45935137793765835
A1:-9.391267433621825e-07
B1:7.718806809539706e-06
A2:-0.002558585453533526
B2:0.6636153826414721
A3:0.02499501204949807
B3:2.7123445157202025e-06
A4:0.0005687962269382795
B4:-0.0009901892567265363
A5:-0.00020804084932071003
B5:-0.000924373785296003
LogSTD:0.0
