Residual:3.9176119298593295e-07
T0:0.00010612483361918684
Period:23.832168427830524
b:0.5544245689863105
R2_R1:0.035036535507515135
a_R1:13.400993218017533
Sb:3.999999999999699
eCosW:0.0324147274632717
eSinW:0.834506407793517
u11:0.5000000149011612
u12:0.37730391870720487
u21:0.5
u22:0.49984420580708194
A1:5.173538869394047e-07
B1:-5.969097388272621e-06
A2:0.3090439784861959
B2:0.679992808752635
A3:-0.02879318445095052
B3:-1.2592373027520678e-06
A4:-0.0009962050455683375
B4:0.0003474839095339886
A5:-0.0009912154186339055
B5:-5.023896652372858e-05
LogSTD:-5.9855223149093275
