Residual:6.2857686755343e-08
T0:-0.0012072399564160838
Period:15.539319727807879
b:0.7129081301426661
R2_R1:0.06928050175347608
a_R1:15.531485367801064
Sb:0.04459679396999162
eCosW:-0.11217594609936118
eSinW:-0.31402696172967914
u11:0.5000000149011616
u12:0.49999999999996075
u21:0.5
u22:0.4674316790215797
A1:-8.341771431979572e-06
B1:6.387792480965028e-06
A2:-0.21091545461301925
B2:-0.16814966889751398
A3:0.04704724452692989
B3:2.355476169962081e-06
A4:-0.0009905851207960585
B4:-0.000334094400904243
A5:-0.00019454447745890883
B5:0.0005941377005864165
LogSTD:-4.619087337089567
