Residual:2.7798387448506743e-06
T0:0.00269299039649168
Period:14.796319758977788
b:0.5068157950911533
R2_R1:0.10070637984655939
a_R1:33.76462657572556
Sb:0.03525784744058183
eCosW:0.14318951631298882
eSinW:-0.8397079634347399
u11:0.4886057555183716
u12:0.5000000149011434
u21:0.5
u22:0.5
A1:-5.445239656063653e-05
B1:1.7324108401365113e-05
A2:1.0
B2:0.5215606493589174
A3:-0.1
B3:3.7154948029545513e-06
A4:0.00036148592043752984
B4:-0.0006615851485563844
A5:-0.00015599158590654753
B5:0.0007182141508646348
LogSTD:-0.3546415823159967
