Residual:5.881249966225404e-07
T0:-0.0014708845324397988
Period:33.939556627096536
b:0.5273400219417911
R2_R1:0.06275087896008914
a_R1:70.44496608497262
Sb:0.038461967936593885
eCosW:-0.12239305066729972
eSinW:-0.8554725467408744
u11:0.5
u12:0.5
u21:0.5
u22:0.5
A1:6.332976226510657e-06
B1:6.256444410989334e-06
A2:-0.5856070426722697
B2:0.9103735998845912
A3:-0.09991830548533322
B3:1.1065169897604262e-06
A4:0.0009613560367641722
B4:-0.0009919737273344515
A5:0.001
B5:-7.932522451186644e-05
LogSTD:-6.0
