Residual:3.36925954331148e-08
T0:0.005741972596528818
Period:20.88269811047496
b:1.0000000149011612
R2_R1:0.11238389976593903
a_R1:9.173072895431972
Sb:0.08075380820674641
eCosW:0.15900028397142044
eSinW:-0.05071376170547026
u11:0.5
u12:0.5
u21:0.5
u22:0.3036155086192171
A1:7.72641204638756e-06
B1:4.748851436219751e-06
A2:-0.0024800311635073883
B2:-0.0004136067666615654
A3:0.0022192086624461156
B3:2.0118057546547195e-06
A4:0.0009999987583364065
B4:-7.403317117397467e-05
A5:-0.00045410653175475895
B5:0.0009993772960172804
LogSTD:-1.2351752836271647e-05
