Residual:9.923205769379013e-09
T0:0.0066505710958740995
Period:17.043197560872915
b:1.000000014897939
R2_R1:0.031064153887327667
a_R1:6.877662022077146
Sb:1.2202673961051702e-10
eCosW:0.13766019138016522
eSinW:0.040787668232380045
u11:0.5
u12:0.30000000000604654
u21:0.5
u22:0.5
A1:-1.8810465910494936e-06
B1:3.13959024869518e-06
A2:0.3121704871504536
B2:-0.9987306376292379
A3:-0.07196182810807206
B3:-3.0197714948728004e-07
A4:0.0009818025250722682
B4:0.0009898352259364966
A5:-0.0009512041309994708
B5:0.000951545817453634
LogSTD:0.0
