Residual:1.460965928753764e-07
T0:0.0006673871573939964
Period:16.579908098522488
b:0.6932591368209657
R2_R1:0.07246276859365576
a_R1:13.867056784938946
Sb:0.02644018388662831
eCosW:0.22918482888964203
eSinW:-0.4041963632664792
u11:0.5000000149011612
u12:0.38827941806283406
u21:0.5
u22:0.30484167726329053
A1:-2.7357818420351823e-05
B1:8.910662989720692e-06
A2:-6.394973355568596e-07
B2:0.0012329178824072651
A3:0.02292044834371286
B3:1.7840553666919306e-07
A4:-0.0002938585208802519
B4:-0.0003953865688873802
A5:-0.0007928031371515358
B5:0.0006659719722871518
LogSTD:-2.6727943783985317
