Residual:4.85885369404826e-05
T0:-0.0058221892563480905
Period:3.6726902183907364
b:1.0000000149049177
R2_R1:0.9999999999979693
a_R1:19.675929937939923
Sb:0.01820747598153505
eCosW:-0.06942750184135749
eSinW:-0.8852356839023737
u11:0.5000000000001902
u12:0.5000000000001532
u21:0.5
u22:0.5
A1:-3.2678038759546585e-05
B1:6.497016849353992e-05
A2:-0.002853146852388293
B2:0.06357420480398775
A3:2.0294842785561143e-05
B3:2.1213718871570424e-05
A4:2.7740476139549194e-05
B4:9.511037845451837e-06
A5:0.00020415614001274574
B5:1.9740624379328846e-07
LogSTD:-4.633994887817914
