Residual:1.1931368311231746e-08
T0:0.0013870652448130347
Period:22.673036986981465
b:0.9441441380561763
R2_R1:0.04963200536074559
a_R1:13.543875952804745
Sb:0.025762024354938795
eCosW:0.13122650409640757
eSinW:0.0012679109865338517
u11:0.5
u12:0.3000000000196126
u21:0.5
u22:0.423319671980943
A1:3.6711403526551285e-06
B1:1.4336194886299149e-05
A2:0.00991321280829966
B2:-0.9018134194224458
A3:-0.011164803861318566
B3:7.601137531436189e-07
A4:-0.0009808600407695165
B4:-0.0007471699679224572
A5:0.0009985694490862451
B5:-0.000987569462796504
LogSTD:-5.0534281090392174e-05
