Residual:6.330616057997079e-08
T0:3.973759766274692e-05
Period:5.478144913912912
b:1.0000000149011612
R2_R1:0.0804626177618129
a_R1:4.930512883544937
Sb:0.2814276814304024
eCosW:0.0001688836007731085
eSinW:0.009157969460649128
u11:0.5
u12:0.4999999999999888
u21:0.5
u22:0.4118110302013597
A1:-9.638585971722728e-06
B1:-4.665115524677156e-06
A2:-0.008967711445635709
B2:0.970629742101554
A3:1.054340439175125e-05
B3:-5.153041747445173e-06
A4:-0.000361616506682301
B4:-0.0002702197808118186
A5:-0.0009477116635054393
B5:-0.000657283513498474
LogSTD:-5.928167920578106
