Residual:7.858133725488966e-09
T0:0.0022915599433587985
Period:12.823419098794854
b:1.000000014901012
R2_R1:0.07916293431743787
a_R1:7.0033446166141315
Sb:0.17421525209560002
eCosW:0.05436518106561454
eSinW:-0.014043423425918519
u11:0.5
u12:0.4999999999999982
u21:0.5
u22:0.3093729138046738
A1:3.883035248046129e-06
B1:9.126147177414542e-07
A2:0.4578979497145343
B2:0.5054053145332031
A3:4.708830579499068e-06
B3:6.374084886396629e-07
A4:0.0009802183042864447
B4:-0.0008883245475636628
A5:5.393946357558679e-06
B5:-0.0009958299218536088
LogSTD:-5.9232378368356144
