Residual:1.035661207503497e-07
T0:0.0038047302770693866
Period:5.066306244400702
b:1.0000000149011612
R2_R1:0.12487122989469873
a_R1:4.4642194703586995
Sb:0.1386008735540308
eCosW:0.10648725593944705
eSinW:0.018386909226624372
u11:0.5
u12:0.5
u21:0.5
u22:0.4427846718755729
A1:-2.0815646238870505e-05
B1:-1.5048935704889843e-05
A2:-0.0022134097531931788
B2:-0.002478388046104516
A3:0.0003729663939505087
B3:-1.728256310805531e-05
A4:0.000468671888996351
B4:-0.00012832625066602334
A5:-0.0004810255093567283
B5:-0.0009346716187105732
LogSTD:-5.999968363775377
