Residual:3.6779044645962455e-07
T0:0.0009457276460616954
Period:5.250898545523068
b:0.8952829654402035
R2_R1:0.4221016791956318
a_R1:6.381867913006001
Sb:0.0053681318594327515
eCosW:0.011219247752078918
eSinW:-0.47837561371215365
u11:0.49999999999999994
u12:0.4320164471857261
u21:0.5
u22:0.46981524569636757
A1:-9.857877683637537e-06
B1:6.38164400044171e-08
A2:0.5289223754510151
B2:-0.9011919309137331
A3:0.09455634107767488
B3:-1.416073409379011e-06
A4:0.0008552852895567541
B4:0.0006483655281195155
A5:-0.001
B5:0.0007984768481130455
LogSTD:-6.0
