Residual:2.523840986206309e-08
T0:-3.963818723220944e-06
Period:27.530899137560738
b:0.9053230358706386
R2_R1:0.1182656586819705
a_R1:33.05159747350739
Sb:1.0061888734902502e-10
eCosW:-0.11893584617724968
eSinW:-0.08461051059324498
u11:0.5
u12:0.3000000000656372
u21:0.5
u22:0.498566216661075
A1:-1.3613310630171545e-05
B1:3.155886040944459e-05
A2:-0.7465478491468144
B2:0.7113560700004279
A3:-0.0680639058244792
B3:2.9602022735751482e-06
A4:2.5272428334968383e-05
B4:-0.00029541885257974116
A5:-1.5753327521767966e-05
B5:0.0009997609306000841
LogSTD:-1.7796768744533322
