Residual:8.833018789903438e-08
T0:0.00174941275312051
Period:5.800707546210067
b:0.963136151048129
R2_R1:0.09064964415748258
a_R1:5.952385134097653
Sb:0.0263482720560219
eCosW:0.13573326438063055
eSinW:0.04473589343513275
u11:0.5000000149011612
u12:0.5
u21:0.5
u22:0.31158428289337314
A1:-6.252005449514157e-05
B1:-1.0365362013302114e-05
A2:-0.02880348347358689
B2:-0.6627375401829384
A3:-0.04009047711449228
B3:-6.491053530459441e-05
A4:-0.0009376539368105489
B4:0.0007770902854411055
A5:0.0008918099685659374
B5:0.0009985807142436857
LogSTD:-1.8708870676811657
