Residual:1.892067390816999e-06
T0:0.00040495328103395327
Period:111.32318134117159
b:0.690791055767301
R2_R1:0.08889720085338479
a_R1:28.36989347046444
Sb:0.2705363749329351
eCosW:0.14446953158646048
eSinW:0.3343102958976877
u11:0.5
u12:0.3000000000094567
u21:0.5
u22:0.4991405890569589
A1:2.9918595306538155e-05
B1:9.748831809885556e-05
A2:1.0
B2:-1.0
A3:0.1
B3:6.17329594082757e-05
A4:-0.001
B4:-0.001
A5:-0.0004199265996682941
B5:0.001
LogSTD:-6.0
