Residual:0.001697432153273141
T0:-0.0010184153826140847
Period:35.99321751326949
b:2.141630531082207
R2_R1:2.056881441470394
a_R1:45.44044715869417
Sb:0.5056793056713036
eCosW:-0.055155273215837755
eSinW:0.014241254168847639
u11:0.22375260514609224
u12:0.4118739818859051
u21:0.5
u22:0.30212187411292124
A1:-0.001154459947159449
B1:0.0017537773442007306
A2:-0.0002782743032464683
B2:-0.00033686359087900736
A3:-0.0003282049965229489
B3:0.002369976099169499
A4:-1.586929857118481e-05
B4:6.4649474783220294e-06
A5:-4.553520640871888e-06
B5:-2.2443133801501144e-05
LogSTD:-0.02272226197458598
