Residual:1.7315752929809321e-07
T0:-0.0001604660946843951
Period:6.569305889607797
b:0.5884382127377634
R2_R1:0.02325939115246606
a_R1:13.36016383870618
Sb:0.3454853524966415
eCosW:0.011012198482884455
eSinW:-0.20123373707462178
u11:0.5000000149011612
u12:0.5
u21:0.5
u22:0.30267036421477833
A1:-1.1251235332268656e-05
B1:-1.193622579918472e-05
A2:0.00034593402900537937
B2:-0.0024108425055826494
A3:6.98116374441062e-05
B3:-1.1780171044886336e-05
A4:1.339972686518395e-05
B4:-0.0001006284074139229
A5:-6.200680085172988e-06
B5:-7.53274389625246e-06
LogSTD:-1.4428793944682579
