Residual:7.534255691472036e-06
T0:-0.001560854153541604
Period:33.46791269729598
b:1.0000000149011612
R2_R1:0.9831469812684164
a_R1:52.40854908835445
Sb:0.0018535045937077101
eCosW:-0.00834950675225793
eSinW:-0.8943439786839982
u11:0.3000000000767621
u12:0.3000000000786772
u21:0.5
u22:0.32149913983289696
A1:1.0180110904020406e-05
B1:0.00010067072356195635
A2:-0.9998790143409321
B2:0.7111228877359003
A3:-0.09983395794958276
B3:6.5416019862974445e-06
A4:-0.0009608950419687807
B4:-8.059072241547396e-05
A5:0.0008747539241793295
B5:0.0009090053699435899
LogSTD:-0.13579279105635478
