Residual:4.110382444760668e-09
T0:-2.5663700080888997e-06
Period:61.4911763687461
b:0.9999999999955733
R2_R1:0.024417000775260874
a_R1:28.222399675733662
Sb:2.0374436744886516e-06
eCosW:0.05147659329430361
eSinW:0.15145669813010398
u11:0.5000000149011612
u12:0.5
u21:0.5
u22:0.3237822970979046
A1:4.089412719153984e-07
B1:3.6266014496342182e-06
A2:0.9604842264801938
B2:-0.993676509117118
A3:-0.09973726097970623
B3:2.875326981800457e-06
A4:0.0003707781433444997
B4:-0.00080598179786005
A5:-0.001
B5:0.0004346100763605082
LogSTD:-0.031429558345074035
