Residual:2.1812528512113406e-06
T0:9.314184112896068e-05
Period:10.134462708671133
b:1.0000000149011612
R2_R1:0.15868247114823159
a_R1:8.478195355809538
Sb:0.9650595977989191
eCosW:0.01470790172522678
eSinW:0.026455999144323186
u11:0.5
u12:0.49999999999995637
u21:0.5
u22:0.30645398146469227
A1:-5.235557011416513e-07
B1:-4.274165505114898e-06
A2:-1.2106655906465584e-05
B2:-0.08094839063117867
A3:-0.0015447251573717223
B3:-8.227490137655381e-07
A4:-6.503363233440171e-06
B4:-0.0008270260288292026
A5:-0.0001531543603341057
B5:0.00012053344391787572
LogSTD:-5.968048326967921
