Residual:1.7359488337029662e-09
T0:0.0015648665384377725
Period:19.975475572924353
b:0.6458553272695162
R2_R1:0.03853101637702802
a_R1:22.889213243156117
Sb:0.01304263023665262
eCosW:0.13524924122667634
eSinW:-0.5551121738079686
u11:0.5000000149011612
u12:0.4999999999994242
u21:0.5
u22:0.4382086516855928
A1:-6.511576606714234e-07
B1:5.749422827771598e-07
A2:0.7236447324375859
B2:1.0
A3:-0.1
B3:2.034731481373461e-07
A4:0.00018760604421825676
B4:0.000925230416672182
A5:0.0008429999163790578
B5:-0.001
LogSTD:-0.19819857698428367
