Residual:7.419220951229419e-08
T0:-0.0006930045007180856
Period:48.12061620394735
b:1.0
R2_R1:0.06517832358802642
a_R1:30.482961171451137
Sb:0.0010241312379950752
eCosW:0.06757033550257817
eSinW:0.015597674786513816
u11:0.5
u12:0.3000000027146361
u21:0.5
u22:0.3044534293449943
A1:1.5376021662503613e-06
B1:7.3295223269163115e-06
A2:0.001769158010533923
B2:0.0015929957972709928
A3:0.001196787887483525
B3:6.594614608346111e-06
A4:-0.00010249952774633136
B4:-7.62426248117511e-05
A5:1.0191280615239144e-05
B5:-0.0007477515947821521
LogSTD:-0.0069881126267039954
