Residual:9.375599137771177e-07
T0:0.000443005231604722
Period:6.5101503588376985
b:0.7590991419652933
R2_R1:0.4177105413740852
a_R1:10.631809952269247
Sb:9.957503517267849e-11
eCosW:0.004480730879972377
eSinW:-0.7839914820651617
u11:0.5000000149011614
u12:0.5000000000000002
u21:0.5
u22:0.5
A1:7.841364667392614e-07
B1:6.517044251603822e-05
A2:0.9014358960242423
B2:0.5018519911491113
A3:-0.09636865715645973
B3:-5.605842024127042e-06
A4:-0.001
B4:-0.0009301189804374085
A5:-0.001
B5:-0.0009839287252854938
LogSTD:-0.07543457412157684
