Residual:7.359386418788691e-05
T0:-8.026280283007473e-05
Period:19.49092705361899
b:0.44825325672202293
R2_R1:0.07326186178584575
a_R1:99.98798848297568
Sb:0.6097932266921361
eCosW:0.18912409909478886
eSinW:-0.8298099462184321
u11:0.6937954674488583
u12:0.5220942451071376
u21:0.5
u22:0.5
A1:-0.00022566573463328693
B1:9.950383992256222e-05
A2:1.0
B2:1.0
A3:-0.1
B3:2.0292702548784683e-05
A4:-0.001
B4:-0.001
A5:0.001
B5:0.001
LogSTD:-0.04528592232086842
