Residual:3.206470296246984e-07
T0:0.0018001228682152925
Period:13.689925565399486
b:0.5164600055152632
R2_R1:0.08961218809493376
a_R1:36.12951965999686
Sb:0.010992201486747441
eCosW:0.19582435367803863
eSinW:-0.7832534929144661
u11:0.5
u12:0.3000000000072597
u21:0.5
u22:0.49578635772772395
A1:-2.006171487586716e-05
B1:7.120907623249559e-06
A2:-0.9949240428491857
B2:0.5220135967643812
A3:0.04894377693778261
B3:1.9590770707069935e-06
A4:0.001
B4:-0.0003819192338113415
A5:0.00031297798485377675
B5:0.001
LogSTD:-5.12208851872384
