Residual:8.334516875563625e-08
T0:-0.012289850474977989
Period:15.712450216188188
b:0.6147747202118352
R2_R1:0.05834795355125122
a_R1:10.74651849282007
Sb:0.05699363721106937
eCosW:-0.2013515677092246
eSinW:-0.6470201346041549
u11:0.5000000149011612
u12:0.4999999999994586
u21:0.5
u22:0.48983823665692855
A1:-2.175653431886635e-05
B1:5.211453549626183e-06
A2:0.04353621367061415
B2:0.1449996533565586
A3:0.06614807884653925
B3:1.0082616826878323e-06
A4:-0.00040486522544300126
B4:0.0008507422248806753
A5:0.00011523914893386832
B5:0.0007588742079120813
LogSTD:-0.006371936911728831
