Residual:5.552675116263018e-05
T0:0.0026263794999185387
Period:23.99937057600807
b:0.5439800981510438
R2_R1:0.06540380132677895
a_R1:15.532123041152186
Sb:4.702502504963194
eCosW:0.08453601357950617
eSinW:0.8537598671302215
u11:-0.28523036378078015
u12:-0.15613888255260114
u21:0.5
u22:0.35509008449152035
A1:-8.263232920230873e-05
B1:-0.00015663969137837176
A2:3.318817309457334e-05
B2:-0.002306672136999392
A3:-5.824761257705859e-05
B3:-8.495255926754223e-06
A4:-1.2085262487659948e-05
B4:-2.85760137282131e-06
A5:2.926096526452037e-06
B5:-3.8731373249051094e-06
LogSTD:-2.2239478823381447
