Residual:3.288316317187844e-05
T0:6.733442920047397e-05
Period:11.568504496731085
b:1.0000000149011612
R2_R1:1.0
a_R1:51.20250715414774
Sb:1.2277729608930754e-10
eCosW:5.419763873294499e-05
eSinW:-0.8999999983679565
u11:0.5
u12:0.4999999999081518
u21:0.5
u22:0.37484781679574464
A1:-3.7476110709383127e-05
B1:-2.9165925109252685e-07
A2:-3.133855926267063e-06
B2:0.008701056540869334
A3:8.636103694386574e-05
B3:-2.7707110726647542e-08
A4:1.1310702741688966e-05
B4:-7.652560804870301e-06
A5:-0.00024042668351753022
B5:-9.544419315759402e-06
LogSTD:-6.0
