Residual:2.9151122511901553e-07
T0:0.016731171174173706
Period:50.35749142237195
b:1.0
R2_R1:5.8996572814539226e-05
a_R1:8.158565757486297
Sb:4.0
eCosW:0.36647728685791203
eSinW:0.8220060829298068
u11:0.5
u12:0.45534925937352005
u21:0.5
u22:0.35249201776198014
A1:-1.1070180076310167e-05
B1:-2.316133242691898e-06
A2:-0.0021138232022302663
B2:-0.12815832653008016
A3:-0.006273185823768854
B3:-3.902327623751054e-07
A4:0.00011680850413670338
B4:-0.000999993287429929
A5:0.0005520400463854271
B5:0.000998238368617111
LogSTD:-6.0
