Residual:2.5477644120374032e-09
T0:-0.004900165430724673
Period:6.307225222345858
b:1.0000000149006008
R2_R1:0.028633037089850162
a_R1:6.402663769440444
Sb:0.024733853413320458
eCosW:-0.19576593701722406
eSinW:-0.012039687737488482
u11:0.5
u12:0.49999999999987244
u21:0.5
u22:0.5
A1:-1.8528841885673006e-06
B1:-1.0813471064169436e-07
A2:-0.9317183823729409
B2:0.3843128769612875
A3:0.012383384900691841
B3:-2.1270778866317026e-07
A4:-0.00011193429207529589
B4:-0.001
A5:-0.0009391917325126281
B5:-0.0005469510511216522
LogSTD:-0.1819505656844791
