Residual:0.9616461550866866
T0:0.0014943743605980138
Period:8.479554252169649
b:6.204385672619332e-08
R2_R1:1.000481008170315
a_R1:6.637546295268051
Sb:0.07761153252789826
eCosW:0.16122692226891064
eSinW:0.6175160645514048
u11:0.5000944403305392
u12:0.5000546613826939
u21:0.5
u22:0.4576870719706895
A1:-0.007577014610739347
B1:-0.011816875975331487
A2:-0.028236416872620806
B2:-0.023469577008126238
A3:-0.012544846601032781
B3:-0.0032247849511539877
A4:-0.0006294765404271301
B4:0.0004821066450461357
A5:-0.0009998831209953366
B5:9.433883522033495e-05
LogSTD:0.0
