Residual:3.513421886036806e-08
T0:0.00032073579790219803
Period:39.205947686301094
b:1.0000000149011612
R2_R1:0.08700544266885707
a_R1:20.29975785056842
Sb:0.00041737737036994145
eCosW:0.020767950727977928
eSinW:-0.005468250778465381
u11:0.5
u12:0.5
u21:0.5
u22:0.49336620808881515
A1:3.518905036621368e-07
B1:7.360864130160137e-06
A2:-0.02488104866726199
B2:0.48553139620299907
A3:0.09887596701385083
B3:5.440040058940423e-06
A4:-0.0008552664629840631
B4:0.0009544630629571499
A5:-0.000917147690551601
B5:-0.0007195946835689805
LogSTD:-0.003775178695440461
