Residual:1.622320318303907e-07
T0:-0.0004451664788337337
Period:16.226006623317744
b:0.5754366523225417
R2_R1:0.026961150692022085
a_R1:13.436917000456079
Sb:4.0
eCosW:0.016115006748814796
eSinW:0.7510199994478299
u11:0.5000000149011612
u12:0.5
u21:0.5
u22:0.49510626941790226
A1:3.8098211981378978e-06
B1:-8.829855285835726e-07
A2:-0.0002661403658815298
B2:-0.017830214069348503
A3:0.00016410212194031132
B3:-5.634199009449355e-07
A4:8.59111016903607e-06
B4:-3.124010040894238e-05
A5:-3.227410211243259e-05
B5:-3.5205853601627375e-07
LogSTD:-6.0
